Downloads/basemap-develop/examples/us_25m.dem
ncols  1405
nrows  621
xllcorner  -125.020833333337
yllcorner  24.062499999999676
cellsize 0.04166667
NODATA_value -9999
[rows 225 to 269 of 621, columns 0 to 95 of 1405]
0 0 0 0 0 0 0 0 0 0 0 0 0 0 0 14 189 258 220 176 63 70 80 116 450 590 693 917 813 632 675 891 997 776 897 1067 1348 659 1070 1236 1285 1258 968 732 760 1057 1018 1224 1284 1064 932 1256 1187 1497 1456 973 936 919 670 372 421 252 184 182 160 168 159 175 183 219 265 367 451 626 666 945 1150 1211 1254 1275 1404 1575 1751 1924 1947 1955 2024 1985 1983 1903 2164 2106 1968 1923 1852 1740
0 0 0 0 0 0 0 0 0 0 0 0 0 0 0 142 330 577 505 255 148 129 128 254 130 226 280 371 787 375 695 691 854 941 852 874 1526 1051 777 1178 1288 1312 1024 1048 852 1024 899 945 1086 1299 1046 1106 1253 1337 1029 727 611 472 345 309 234 196 183 180 138 140 142 156 180 218 309 414 543 696 927 1053 1110 1164 1218 1296 1429 1662 2043 2199 2519 2070 2142 2088 2040 2083 2330 2188 2009 1935 1837 1786
0 0 0 0 0 0 0 0 0 0 0 0 0 0 2 169 136 142 260 592 526 313 125 114 165 341 313 397 350 436 594 806 810 1153 1203 848 916 1390 741 1020 1247 1301 1244 1028 843 906 1137 1136 1658 1234 1153 990 829 782 843 559 393 302 254 279 250 244 195 183 170 132 122 130 156 216 309 435 601 609 724 733 817 960 1133 1275 1471 1809 2201 2438 2465 2263 1955 1926 2121 2169 2208 2127 2076 1865 1781 1781
0 0 0 0 0 0 0 0 0 0 0 0 0 0 1 260 467 397 514 578 483 707 731 451 266 92 102 290 597 471 650 999 925 854 1192 1038 981 1062 800 1133 1347 1073 1022 1077 1145 1067 1147 1148 1433 1215 942 771 639 531 463 423 307 311 260 211 221 195 185 183 183 182 132 123 169 230 247 271 296 364 467 600 775 1001 1118 1387 1651 1837 2157 2090 2085 1989 2076 1810 1685 2002 1956 1992 1913 1934 1850 1733
0 0 0 0 0 0 0 0 0 0 0 0 0 0 0 8 285 402 351 639 711 658 530 568 505 404 158 555 672 636 442 626 1002 1051 1177 1267 940 987 1193 1007 856 903 1164 1205 1537 1512 1164 1180 1009 973 910 785 561 467 384 352 377 317 241 200 204 183 183 183 180 128 126 140 126 243 213 269 369 501 524 633 710 857 1235 1396 1633 1875 1751 1799 1634 1736 1719 1656 1676 1624 1661 1814 1747 1682 1761 1699
0 0 0 0 0 0 0 0 0 0 0 0 0 0 0 1 164 86 314 391 565 730 730 284 288 270 179 220 213 504 503 509 435 878 1125 1595 1336 966 910 1182 1462 918 1051 1112 1342 1516 1256 1190 1018 1057 916 737 528 466 432 325 312 297 301 245 209 183 183 183 181 173 182 130 142 141 184 236 361 602 596 670 777 900 1079 1283 1623 1590 1535 1719 1587 1631 1687 1752 1668 1486 1463 1412 1666 1576 1558 1594
0 0 0 0 0 0 0 0 0 0 0 0 0 0 0 1 122 242 173 214 417 409 559 604 467 545 222 262 272 278 246 373 561 699 1181 1492 1200 1019 1027 1120 913 1572 1236 1027 1138 1299 1424 1315 1226 1189 873 1124 757 504 437 341 360 278 267 240 195 191 197 183 183 184 168 123 140 221 258 377 434 517 568 705 873 973 1075 1244 1689 1951 1552 1684 1646 1621 1515 1625 1715 1612 1395 1374 1407 1457 1476 1539
0 0 0 0 0 0 0 0 0 0 0 0 0 0 0 1 282 512 408 232 148 217 420 466 579 481 486 285 154 353 386 154 322 317 633 874 1464 1254 977 1037 911 1119 1541 1281 1041 1023 1122 1434 1586 1467 1166 1115 872 633 477 400 343 289 279 244 241 242 229 183 181 163 128 122 151 260 306 339 410 442 552 673 663 842 1012 1209 1346 1568 1484 1633 1497 1426 1560 1538 1513 1477 1407 1377 1375 1373 1399 1933
0 0 0 0 0 0 0 0 0 0 0 0 0 0 0 0 0 154 502 503 500 289 334 269 529 525 440 325 266 200 559 707 356 238 303 733 808 1185 884 755 1024 920 1047 1109 1381 1198 1263 1717 1936 1763 1712 1515 1103 730 541 468 409 367 299 247 259 244 201 183 171 123 120 119 119 173 249 303 321 422 537 677 738 884 1166 1237 1071 1254 1619 1541 1316 1811 1946 2151 1784 1528 1429 1401 1403 1374 1373 1521
0 0 0 0 0 0 0 0 0 0 0 0 0 0 0 0 0 0 4 333 640 886 515 321 303 391 481 283 353 213 579 912 389 223 352 807 705 1003 804 700 797 1041 1004 992 1237 1356 1363 1310 1577 1564 1588 1690 1258 984 683 519 453 448 333 284 244 229 183 173 125 115 92 108 110 118 213 327 385 496 571 689 639 657 806 932 1136 1001 1060 1206 1718 1791 1827 1764 1649 1431 1463 1477 1510 1649 1431 1399
0 0 0 0 0 0 0 0 0 0 0 0 0 0 0 0 0 0 0 0 125 494 690 390 280 338 327 274 164 266 455 796 807 454 239 688 762 787 841 722 675 1040 1161 1112 1133 1503 1649 1637 1718 1577 1466 1111 1505 1316 799 545 521 462 363 273 229 185 185 181 129 121 94 104 105 107 113 241 320 414 476 525 656 847 903 1102 842 1119 1307 1459 1640 1726 1927 1992 1801 1563 1375 1482 1342 1417 1386 1777
0 0 0 0 0 0 0 0 0 0 0 0 0 0 0 0 0 0 0 0 0 0 231 579 329 391 307 377 278 197 310 500 743 402 426 464 406 897 764 744 842 847 937 1116 1436 1441 1628 1569 1901 1676 1332 1361 1212 1046 1441 960 601 464 327 321 229 184 183 183 130 121 100 99 100 86 97 118 286 343 363 488 577 734 694 820 801 1210 1233 1360 1515 1754 1838 1935 1759 1543 1315 1249 1218 1425 1577 1570
0 0 0 0 0 0 0 0 0 0 0 0 0 0 0 0 0 0 0 0 0 0 29 434 481 354 379 269 383 247 462 353 550 555 559 431 273 840 978 958 857 608 1067 1093 1564 1371 1388 1669 1724 1968 1865 2017 2026 1701 1422 1250 801 470 374 304 254 236 196 183 147 122 107 96 94 68 81 113 151 251 371 457 485 526 869 1022 1097 1040 1341 1544 1626 1836 1848 1921 1854 1608 1131 1052 1549 1231 1303 1341
0 0 0 0 0 0 0 0 0 0 0 0 0 0 0 0 0 0 0 0 0 0 0 7 443 447 401 417 326 245 441 408 789 690 492 751 417 481 1009 845 561 569 751 1069 1381 1334 1335 1461 1773 2030 1652 1588 1767 1558 1690 1395 950 465 349 309 251 272 212 175 142 122 108 90 81 63 64 90 115 160 336 461 518 756 890 1119 829 1073 1148 1419 1571 1820 1912 1891 1881 1224 985 1116 1204 1536 1216 1345
0 0 0 0 0 0 0 0 0 0 0 0 0 0 0 0 0 0 0 0 0 0 0 0 3 336 380 312 383 235 369 588 700 795 968 600 833 506 475 599 512 931 820 1022 1264 1564 1429 1080 1252 1588 1551 1247 1269 1520 1781 1490 895 555 395 288 237 228 190 165 141 119 104 89 83 66 58 73 89 96 159 316 496 618 703 1018 797 944 1002 1248 1407 1642 1620 1522 1593 877 1420 1995 1971 1722 1282 1186
0 0 0 0 0 0 0 0 0 0 0 0 0 0 0 0 0 0 0 0 0 0 0 0 0 13 315 438 426 381 373 637 1062 808 991 810 751 460 818 601 797 1028 910 974 1246 1326 1774 1324 957 1670 1683 1247 1436 1742 1540 1628 1104 619 305 261 230 190 179 170 137 117 102 87 80 65 54 59 69 73 108 206 359 487 633 756 758 827 1012 1073 1216 1316 1391 1244 892 988 1372 1828 1787 1819 1289 1208
0 0 0 0 0 0 0 0 0 0 0 0 0 0 0 0 0 0 0 0 0 0 0 0 0 0 53 348 236 424 378 414 739 703 853 892 784 502 648 1007 980 777 784 844 748 755 1234 765 1229 1700 1357 1181 923 940 820 1200 739 456 310 280 271 229 192 174 147 129 100 85 73 71 55 51 58 63 85 124 244 387 538 448 703 673 855 864 983 1219 1247 729 1368 1545 1524 1670 1616 1703 1574 1641
0 0 0 0 0 0 0 0 0 0 0 0 0 0 0 0 0 0 0 0 0 0 0 0 0 0 0 15 183 234 421 422 515 510 577 695 1111 723 378 836 1030 591 470 551 514 625 629 963 1466 1755 1451 1324 1478 1435 1601 1235 698 400 269 261 279 240 199 170 138 124 100 83 70 61 52 49 50 54 61 81 140 258 391 422 565 633 725 853 1088 1104 629 1205 1393 1577 1554 1798 1707 1722 1338 1540
0 0 0 0 0 0 0 0 0 0 0 0 0 0 0 0 0 0 0 0 0 0 0 0 0 0 0 0 145 439 406 545 597 799 617 580 905 887 627 521 1013 567 430 426 470 750 993 701 933 1250 1420 1172 1009 983 959 1317 1052 597 284 211 220 201 182 159 151 106 94 84 73 64 56 46 45 45 51 59 75 146 256 342 320 436 636 723 693 728 952 1192 1266 1389 1400 1579 1251 1146 1110 1247
0 0 0 0 0 0 0 0 0 0 0 0 0 0 0 0 0 0 0 0 0 0 0 0 0 0 0 0 67 205 512 534 662 547 567 540 599 672 818 420 878 671 466 435 518 732 1101 1325 1102 831 1486 1933 1440 1125 909 911 1217 880 534 258 296 269 200 168 180 101 90 80 72 63 57 49 43 39 44 53 63 87 190 303 249 485 536 524 764 641 965 769 873 1116 1176 1066 1258 1515 1630 1758
0 0 0 0 0 0 0 0 0 0 0 0 0 0 0 0 0 0 0 0 0 0 0 0 0 0 0 0 3 126 300 591 584 740 1021 636 516 799 728 538 405 464 448 462 567 583 862 1217 1610 1360 1036 1656 1685 1280 1035 552 768 828 441 285 278 209 252 192 132 100 75 73 66 60 54 48 42 38 42 48 56 72 112 179 260 319 356 464 538 541 516 648 907 933 887 1208 1326 1527 1533 1554
0 0 0 0 0 0 0 0 0 0 0 0 0 0 0 0 0 0 0 0 0 0 0 0 0 0 0 0 0 28 198 330 571 573 766 717 541 635 802 804 575 974 766 839 631 501 618 821 1463 1404 1002 1692 1810 1418 1004 1163 793 550 313 228 232 318 233 174 122 89 69 59 59 53 48 43 36 37 37 43 49 54 62 93 147 150 199 321 270 467 509 808 968 760 977 1116 1242 1347 1378 1430
0 0 0 0 0 0 0 0 0 0 0 0 0 0 0 0 0 0 0 0 0 0 0 0 0 0 0 0 0 21 241 305 398 438 632 613 701 560 648 510 465 791 1183 886 759 554 697 1150 1566 1773 1506 1154 1369 1610 1540 1204 845 576 303 245 319 302 210 175 117 82 59 51 50 46 41 39 33 33 35 38 41 43 46 52 71 89 192 418 333 538 681 698 640 502 966 1234 1187 1199 1218 1278
0 0 0 0 0 0 0 0 0 0 0 0 0 0 0 0 0 0 0 0 0 0 0 0 0 0 0 0 0 3 168 117 219 318 292 392 764 560 613 543 724 478 989 1012 925 763 651 628 1161 1657 1661 1301 1292 1537 1303 1355 1144 579 308 259 361 253 193 161 119 73 51 45 43 41 36 33 31 30 31 33 35 37 41 47 60 101 256 353 358 259 399 405 619 698 866 989 1037 1084 1180 1204
0 0 0 0 0 0 0 0 0 0 0 0 0 0 0 0 0 0 0 0 0 0 0 0 0 0 0 0 0 0 62 164 228 190 261 399 734 721 506 750 724 573 563 683 1024 1474 1288 917 968 1756 1588 1095 1080 1048 1177 1272 1415 683 321 300 365 233 185 132 94 68 47 43 37 36 31 29 29 30 30 29 30 33 36 39 44 62 125 127 160 244 338 284 357 575 606 823 1072 1069 966 1025
0 0 0 0 0 0 0 0 0 0 0 0 0 0 0 0 0 0 0 0 0 0 0 0 0 0 0 0 0 8 110 119 201 247 293 420 564 634 699 486 656 706 655 459 535 974 1477 1453 1019 1137 1285 1053 1092 1223 1586 1444 1187 717 513 329 355 287 257 165 136 63 46 38 34 31 28 26 25 27 26 25 27 29 32 34 41 56 51 78 135 278 444 539 727 812 783 942 907 797 977 960
0 0 0 0 0 0 0 0 0 0 0 0 0 0 0 0 0 0 0 0 0 0 0 0 0 0 0 0 0 27 112 172 191 373 345 257 282 413 644 544 469 637 581 569 707 817 1205 1204 897 602 772 918 917 1246 1470 1224 914 773 526 383 341 376 301 161 130 63 43 35 29 27 25 24 24 24 23 22 24 26 28 31 39 41 56 67 125 222 387 463 542 651 784 856 688 692 728 902
0 0 0 0 0 0 0 0 0 0 0 0 0 0 0 0 0 0 0 0 0 0 0 0 0 0 0 0 0 51 124 138 178 258 297 228 237 291 539 488 422 551 639 630 583 567 1118 891 673 579 611 771 1138 1568 1453 1249 1328 759 439 351 350 485 378 172 130 77 39 32 25 24 22 22 23 22 20 20 22 24 25 28 30 32 35 47 98 130 236 381 467 722 586 787 736 611 625 790
0 0 0 0 0 0 0 0 0 0 0 0 0 0 0 0 0 0 0 0 0 0 0 0 0 0 0 0 0 72 205 216 133 178 289 293 346 392 632 593 478 565 636 661 504 543 610 659 917 809 664 759 1093 1595 1984 1540 670 526 417 368 386 511 332 160 140 101 37 28 24 20 19 19 20 20 19 18 20 22 24 26 29 28 31 34 75 92 204 247 430 493 491 568 796 524 645 788
0 0 0 0 0 0 0 0 0 0 0 0 0 0 0 0 0 0 0 0 0 0 0 0 0 0 0 0 0 72 130 128 181 191 210 223 294 392 374 636 587 708 612 364 493 306 531 799 924 990 813 678 782 1015 1306 1053 699 787 759 428 373 491 288 180 126 79 45 31 24 20 18 18 20 18 17 17 20 23 24 25 27 24 25 33 46 67 123 217 367 524 559 382 456 608 673 738
0 0 0 0 0 0 0 0 0 0 0 0 0 0 0 0 0 0 0 0 0 0 0 0 0 0 0 0 0 42 99 105 87 164 194 192 255 332 305 524 526 418 412 246 539 361 310 598 733 998 1087 990 772 940 1372 1452 1047 975 663 503 392 539 393 206 212 77 38 30 22 18 16 18 18 17 16 18 25 27 23 23 24 21 26 31 44 96 106 179 323 419 352 269 420 482 617 798
0 0 0 0 0 0 0 0 0 0 0 0 0 0 0 0 0 0 0 0 0 0 0 0 0 0 0 0 0 6 127 95 128 177 132 264 216 308 341 374 594 445 346 251 329 344 458 435 868 602 637 952 1071 852 1015 1472 1076 689 853 651 500 463 557 280 215 61 37 29 22 17 15 17 18 16 16 54 163 134 38 21 22 19 23 26 31 37 123 110 161 302 298 424 508 649 686 792
0 0 0 0 0 0 0 0 0 0 0 0 0 0 0 0 0 0 0 0 0 0 0 0 0 0 0 0 0 0 84 147 144 222 184 191 268 301 314 561 566 571 324 243 259 647 562 598 623 623 506 840 1067 1028 850 738 1008 936 954 726 614 472 510 307 244 53 34 26 21 17 14 15 13 15 16 73 290 226 108 20 20 18 20 22 28 37 54 79 154 225 362 455 479 638 730 810
0 0 0 0 0 0 0 0 0 0 0 0 0 0 0 0 0 0 0 0 0 0 0 0 0 0 0 0 0 0 25 239 139 149 110 159 219 310 297 451 660 507 387 202 264 625 862 947 514 439 425 485 806 1172 886 870 691 596 704 521 624 461 485 268 329 59 38 31 24 20 16 12 14 15 15 18 56 50 25 16 17 18 18 21 25 30 48 82 157 245 328 466 532 636 646 749
0 0 0 0 0 0 0 0 0 0 0 0 0 0 0 0 0 0 0 0 0 0 0 0 0 0 0 0 0 0 0 90 299 256 203 108 138 264 491 541 625 632 607 248 196 455 892 687 558 555 444 413 569 893 905 597 958 819 758 458 851 583 432 232 333 79 54 39 34 29 21 14 11 13 13 11 11 11 12 14 16 16 17 20 22 25 34 50 110 141 224 341 453 533 583 599
0 0 0 0 0 0 0 0 0 0 0 0 0 0 0 0 0 0 0 0 0 0 0 0 0 0 0 0 0 0 0 27 202 373 334 406 184 148 257 341 471 737 385 324 200 540 811 700 571 450 443 404 404 431 927 681 491 618 513 477 746 709 413 358 384 140 107 85 48 34 24 17 12 12 11 12 11 9 10 12 14 13 15 18 18 23 29 37 79 133 246 309 437 483 486 519
0 0 0 0 0 0 0 0 0 0 0 0 0 0 0 0 0 0 0 0 0 0 0 0 0 0 0 0 0 0 0 1 195 393 280 533 317 207 162 257 533 650 575 488 256 230 766 878 712 483 415 404 404 405 482 589 529 608 425 477 726 631 467 448 521 298 165 153 92 61 38 24 11 9 11 10 12 9 9 10 12 13 12 14 20 24 26 35 56 80 187 299 370 391 466 530
0 0 0 0 0 0 0 0 0 0 0 0 0 0 0 0 0 0 0 0 0 0 0 0 0 0 0 0 0 0 0 1 156 346 318 317 459 275 343 195 270 560 464 350 290 207 298 608 753 546 449 412 411 522 459 416 464 547 478 364 445 511 590 483 529 428 211 212 172 95 62 41 17 8 8 8 9 11 8 9 10 11 11 13 18 21 25 33 48 105 151 222 340 434 490 548
0 0 0 0 0 0 0 0 0 0 0 0 0 0 0 0 0 0 0 0 0 0 0 0 0 0 0 0 0 0 0 21 73 288 439 503 398 586 311 322 318 580 777 801 378 233 194 289 556 613 524 446 454 685 639 473 408 445 562 483 549 388 450 454 439 503 256 314 248 148 94 59 29 15 8 8 12 8 6 7 8 9 9 12 16 20 23 28 41 56 120 189 279 377 437 490
0 0 0 0 0 0 0 0 0 0 0 0 0 0 0 0 0 0 0 0 0 0 0 0 0 0 0 0 0 0 0 38 104 145 375 495 330 271 377 393 423 350 360 562 631 430 279 287 592 844 612 506 603 673 681 604 581 426 440 626 795 809 645 393 351 445 283 358 295 210 125 77 43 21 8 7 9 8 6 6 6 7 8 12 15 18 25 30 39 53 76 111 188 349 415 297
0 0 0 0 0 0 0 0 0 0 0 0 0 0 0 0 0 0 0 0 0 0 0 0 0 0 0 0 0 0 0 0 16 175 173 295 258 349 389 406 475 508 366 418 363 333 415 231 745 679 790 849 761 791 924 904 664 523 493 449 575 769 688 549 648 650 355 178 414 228 148 95 64 16 7 6 6 9 7 6 6 6 8 10 12 17 23 29 36 49 90 180 216 286 379 370
0 0 0 0 0 0 0 0 0 0 0 0 0 0 0 0 0 0 0 0 0 0 0 0 0 0 0 0 0 0 0 0 0 37 300 200 346 251 277 344 397 458 497 402 292 379 367 241 239 492 395 469 663 877 808 933 712 497 473 560 361 515 452 515 511 625 515 137 271 365 162 100 85 44 12 9 7 7 8 6 6 6 6 8 12 16 23 30 37 48 90 116 143 215 198 357
0 0 0 0 0 0 0 0 0 0 0 0 0 0 0 0 0 0 0 0 0 0 0 0 0 0 0 0 0 0 0 0 0 0 4 148 108 253 280 219 326 529 499 311 308 326 217 282 108 421 324 513 641 668 1063 680 646 446 359 326 341 284 330 487 490 383 612 279 116 447 169 88 67 61 46 16 14 13 10 6 6 6 6 6 10 15 23 27 33 45 75 100 144 170 278 329
0 0 0 0 0 0 0 0 0 0 0 0 0 0 0 0 0 0 0 0 0 0 0 0 0 0 0 0 0 0 0 0 0 0 0 0 74 106 166 211 232 354 463 379 466 413 230 312 181 108 199 456 645 695 832 885 602 346 348 365 322 333 226 422 496 313 510 389 116 183 181 72 55 59 60 45 19 18 11 8 6 5 6 6 9 16 24 31 39 45 61 89 124 144 176 258
0 0 0 0 0 0 0 0 0 0 0 0 0 0 0 0 0 0 0 0 0 0 0 0 0 0 0 0 0 0 0 0 0 0 0 0 0 12 114 167 176 315 362 320 454 489 253 237 173 89 113 98 230 226 292 633 703 542 591 423 434 316 226 223 358 201 284 509 243 109 95 66 51 46 43 36 25 20 14 9 6 4 5 5 5 14 20 32 43 44 58 81 111 142 194 314
