Downloads/basemap-develop/examples/us_25m.dem
ncols  1405
nrows  621
xllcorner  -125.020833333337
yllcorner  24.062499999999676
cellsize 0.04166667
NODATA_value -9999
[rows 360 to 404 of 621, columns 384 to 479 of 1405]
1891 1947 1994 2027 2067 2173 2195 2192 2206 2258 2267 2243 2255 2277 2270 2262 2262 2316 2316 2329 2327 2316 2280 2234 2182 2133 2106 2077 2117 2388 2190 2094 2078 1958 1911 1938 1900 1833 1794 1766 1736 1722 1721 1703 1698 1731 1607 1576 1582 1660 1714 1678 1699 1597 1572 1505 1529 1587 1604 1653 1721 1820 1977 2108 2274 2256 2153 2047 1986 1952 1900 1877 1876 1911 1918 1945 1991 2017 2082 2103 2093 2084 2080 2032 2002 1984 1938 1916 1896 1841 1777 1767 1761 1755 1715 1686
1904 1955 2024 2074 2090 2127 2181 2176 2179 2179 2203 2233 2255 2256 2284 2292 2295 2324 2369 2374 2316 2298 2253 2217 2160 2140 2133 2177 2144 2418 2263 2318 2094 2042 1955 1976 1890 1813 1764 1774 1738 1751 1758 1800 1913 1780 1627 1575 1580 1656 1687 1699 1636 1574 1527 1484 1505 1565 1614 1662 1725 1796 1970 2279 2355 2249 2140 2042 1983 1935 1891 1872 1870 1878 1886 1903 1942 1977 2023 2103 2115 2092 2065 2037 1994 1953 1882 1833 1824 1785 1739 1700 1665 1648 1615 1611
1894 1931 1956 2035 2091 2134 2124 2130 2130 2157 2224 2233 2214 2272 2284 2299 2309 2331 2379 2373 2270 2228 2213 2194 2191 2174 2159 2343 2362 2373 2371 2201 2278 2179 2039 1997 1832 1813 1769 1750 1817 1825 1825 1828 1967 1927 1641 1577 1549 1648 1656 1638 1612 1553 1499 1479 1505 1563 1608 1664 1737 1844 2235 2319 2319 2218 2093 2011 1957 1927 1888 1867 1865 1866 1869 1882 1943 1958 1982 2049 2134 2083 1985 1947 1943 1937 1915 1838 1769 1788 1761 1719 1707 1707 1717 1769
1888 1926 1950 2000 2050 2081 2068 2095 2130 2194 2196 2195 2240 2255 2267 2275 2304 2386 2366 2314 2272 2224 2195 2194 2204 2180 2174 2486 2503 2415 2385 2358 2302 2211 2137 2094 1878 1800 1765 1848 1899 1902 1884 1908 1971 1818 1676 1579 1553 1593 1605 1618 1629 1604 1490 1476 1509 1562 1600 1666 1746 1978 2450 2321 2224 2120 2050 1988 1938 1903 1880 1862 1859 1859 1860 1873 1885 1900 1943 1987 2064 2050 1996 1947 1923 1927 1905 1886 1835 1843 1788 1737 1763 1789 1733 1693
1974 1964 1950 1974 2003 2038 2070 2109 2100 2137 2192 2207 2229 2241 2255 2255 2318 2295 2263 2269 2249 2217 2195 2188 2179 2214 2280 2390 2489 2432 2363 2294 2257 2229 2208 2185 1978 1830 1779 1911 1973 1988 2020 2056 1868 1847 1700 1635 1586 1531 1539 1604 1593 1500 1471 1491 1526 1555 1586 1651 1744 2061 2640 2286 2182 2070 1997 1952 1931 1901 1872 1858 1855 1857 1856 1862 1864 1882 1940 1939 1990 2003 1985 1943 1927 1975 1955 1925 1885 1880 1831 1813 1768 1738 1705 1666
2044 2065 1991 1994 2043 2067 2074 2097 2120 2141 2197 2229 2245 2274 2258 2255 2277 2280 2297 2255 2237 2209 2192 2172 2167 2244 2288 2462 2479 2432 2292 2255 2227 2202 2201 2132 1897 1866 1853 2017 1982 1996 2211 2017 1846 1788 1727 1680 1590 1559 1522 1561 1590 1496 1467 1483 1526 1544 1583 1678 1755 1934 2497 2310 2125 2035 1990 1947 1906 1886 1870 1861 1855 1855 1857 1858 1865 1881 1909 1956 1980 1980 1948 1948 1908 1930 1953 1945 1907 1862 1814 1812 1773 1734 1683 1668
2055 2072 2129 2124 2077 2121 2156 2136 2133 2156 2216 2250 2254 2261 2271 2283 2319 2264 2225 2224 2212 2195 2193 2190 2175 2314 2376 2321 2307 2376 2298 2253 2267 2282 2194 2171 1913 2003 2050 2001 2031 2218 2090 1888 1830 1883 1701 1678 1643 1584 1520 1547 1580 1498 1463 1502 1526 1552 1590 1675 1787 2162 2536 2237 2107 2032 1974 1944 1906 1892 1873 1860 1856 1858 1856 1860 1879 1909 1925 1979 1969 1940 1921 1897 1892 1876 1882 1903 1921 1879 1826 1797 1765 1725 1682 1649
1949 1971 2054 2114 2180 2202 2239 2192 2168 2155 2173 2221 2233 2273 2317 2259 2260 2248 2245 2220 2198 2194 2194 2197 2196 2287 2382 2366 2355 2376 2394 2281 2194 2152 2108 2202 2186 2146 2039 1905 2027 2167 1908 1833 1806 1743 1652 1638 1631 1581 1507 1543 1574 1488 1462 1506 1529 1553 1587 1681 2027 2641 2531 2210 2077 2013 1959 1927 1901 1890 1885 1859 1854 1857 1857 1868 1909 1948 1970 1950 1957 1951 1933 1908 1886 1863 1879 1892 1920 1880 1826 1822 1777 1728 1676 1649
1923 1942 1959 2010 2029 2030 2152 2192 2148 2074 2119 2080 2097 2167 2315 2258 2292 2271 2224 2212 2195 2192 2192 2242 2209 2259 2321 2393 2390 2416 2417 2428 2266 2067 2023 2158 2152 1923 1849 1880 1986 2023 1898 1852 1770 1708 1651 1627 1588 1572 1517 1502 1572 1481 1461 1505 1534 1552 1585 1679 1940 2727 2394 2234 2129 2055 1979 1951 1924 1909 1886 1859 1853 1853 1861 1903 1960 1979 1975 1934 1950 1927 1920 1911 1889 1878 1895 1926 1885 1843 1813 1826 1791 1745 1689 1670
1878 1943 1984 1950 1955 1956 1985 2023 2032 2016 2019 2035 2071 2114 2208 2245 2273 2260 2234 2208 2194 2191 2197 2248 2247 2313 2342 2372 2257 2221 2274 2265 2102 2059 1997 2080 1887 1835 1824 1885 1977 1992 1897 1959 1797 1709 1650 1619 1582 1543 1517 1483 1559 1459 1467 1508 1537 1556 1580 1642 1865 2215 2158 2145 2082 2031 2006 1958 1942 1913 1898 1859 1854 1855 1873 1948 1981 1972 1960 1951 1949 1938 1918 1908 1942 1953 1921 1899 1864 1825 1799 1799 1815 1771 1723 1678
1879 1897 1909 1907 1947 1931 1949 1956 1993 2013 2019 2070 2096 2096 2151 2198 2286 2300 2254 2231 2211 2204 2219 2278 2293 2385 2428 2377 2243 2184 2191 2139 2001 1969 1961 2161 1913 1886 1831 1812 1898 1961 1864 1839 1774 1761 1703 1649 1588 1538 1503 1479 1535 1448 1484 1504 1545 1568 1594 1648 1823 1988 1922 1981 1960 1950 1996 2005 1967 1946 1959 1951 1897 1887 1883 1911 1948 1934 1929 1944 1948 1868 1848 1880 1922 1987 1963 1916 1873 1837 1786 1765 1798 1790 1753 1701
1929 1923 1997 1969 1983 1953 1953 1987 2004 2090 2181 2107 2170 2184 2231 2358 2277 2322 2294 2259 2251 2233 2241 2257 2320 2372 2327 2240 2222 2150 2128 2050 2017 1972 1954 1950 1926 1841 1857 1783 1784 1917 1887 1832 1847 1943 1979 1807 1645 1563 1499 1460 1502 1443 1483 1524 1555 1579 1597 1633 1741 1788 1815 1881 1883 1950 2097 2070 2015 2037 2037 2014 2019 2029 1917 1913 1901 1914 1905 1967 1917 1856 1853 1860 1908 2010 1966 1887 1867 1831 1768 1806 1803 1783 1756 1715
1952 1956 2011 2012 2019 1998 2060 2041 2060 2017 2141 2221 2136 2220 2283 2334 2310 2291 2305 2313 2325 2256 2258 2276 2316 2332 2269 2217 2158 2101 2126 2322 2123 2034 2017 1925 1882 1846 1841 1882 1806 1762 1804 1839 1880 1955 2369 1875 1706 1592 1519 1458 1446 1451 1521 1544 1559 1587 1640 1758 1818 1802 1826 1885 1915 2007 2160 2081 2032 2037 1983 2003 2007 2017 2003 1931 1915 1899 1919 1938 1938 1904 1891 1900 1918 1945 1928 1865 1850 1803 1758 1773 1788 1763 1737 1717
2017 2026 2012 2028 2081 2031 2075 2100 2153 2135 2162 2080 2148 2205 2240 2245 2255 2245 2253 2286 2336 2308 2309 2330 2329 2322 2299 2253 2227 2207 2332 2254 2204 2218 2090 1993 1953 1942 1922 1909 1910 1831 1753 1703 1754 1820 1898 1736 1642 1588 1532 1474 1440 1490 1544 1580 1593 1641 1885 2002 1855 1892 1891 1917 2042 2099 2130 2074 2042 2030 1962 1966 1957 2008 1968 1948 1953 1925 1939 1949 1953 1932 1924 1957 1972 1980 1913 1855 1819 1793 1773 1767 1780 1742 1708 1704
2128 2134 2070 2101 2092 2145 2166 2220 2242 2310 2261 2126 2134 2134 2149 2192 2193 2208 2253 2288 2316 2316 2370 2489 2452 2611 2453 2391 2328 2392 2394 2320 2328 2316 2309 2173 2058 2051 2007 2021 2094 2029 1829 1783 1718 1652 1634 1581 1530 1541 1507 1462 1462 1525 1579 1610 1637 1750 2064 2017 1908 1912 1959 2085 2094 2106 2066 2045 2037 2026 1951 1941 1948 1963 1951 1979 2018 1968 1967 1966 1963 1967 1975 1958 1933 1912 1879 1852 1824 1798 1785 1756 1736 1713 1688 1666
2160 2191 2137 2192 2190 2146 2180 2210 2254 2312 2306 2150 2215 2220 2151 2191 2194 2208 2245 2256 2311 2366 2382 2416 2452 2596 2645 2679 2542 2563 2539 2315 2223 2268 2416 2474 2310 2159 2115 2136 2250 2300 1954 1833 1765 1688 1685 1664 1620 1544 1475 1461 1469 1572 1584 1638 1681 1847 1901 1932 1904 1976 2056 1957 1980 2052 2020 2009 2025 1984 1953 1941 1936 1950 1983 2023 2079 2045 2036 2011 2015 2043 2053 1997 1955 1930 1875 1847 1814 1787 1766 1761 1737 1707 1668 1673
2251 2252 2228 2204 2254 2148 2163 2206 2279 2254 2344 2195 2271 2312 2249 2206 2195 2245 2300 2336 2308 2351 2343 2375 2383 2472 2570 2531 2420 2516 2426 2235 2167 2161 2197 2321 2374 2248 2233 2177 2240 2203 1980 1852 1774 1723 1747 1715 1640 1533 1430 1439 1540 1580 1626 1643 1716 1772 1843 1888 1838 1889 1901 1903 1865 1929 1957 2004 1991 1942 1951 1968 1956 1965 2010 2082 2217 2419 2139 2103 2112 2084 2050 2000 1956 1908 1861 1822 1796 1775 1765 1722 1684 1680 1644 1621
2357 2342 2312 2233 2229 2192 2243 2195 2209 2229 2316 2299 2389 2479 2483 2306 2230 2275 2383 2436 2372 2317 2318 2337 2345 2467 2401 2342 2443 2340 2253 2175 2156 2146 2164 2254 2361 2358 2232 2140 2103 2077 2016 1886 1821 1772 1778 1804 1779 1584 1432 1453 1528 1548 1628 1690 1776 1843 1889 1847 1773 1793 1830 1841 1819 1912 1943 1988 1974 1897 1927 1922 1936 1956 1999 2069 2148 2266 2328 2160 2091 2043 2092 2033 2023 1966 1899 1829 1786 1748 1735 1718 1687 1665 1662 1623
2307 2316 2333 2335 2233 2243 2266 2249 2246 2285 2346 2350 2421 2549 2610 2394 2258 2306 2437 2611 2551 2349 2315 2319 2363 2539 2443 2331 2328 2245 2189 2157 2148 2135 2157 2300 2367 2341 2238 2142 2062 2001 1966 1941 1838 1811 1795 1884 1884 1598 1425 1429 1538 1578 1640 1721 1830 2001 1984 1912 1756 1771 1759 1757 1801 1888 1989 2005 1983 1904 1892 1888 1888 1929 1968 2027 2073 2147 2231 2152 2062 2013 2081 2049 1960 1958 1895 1832 1798 1752 1708 1706 1687 1648 1669 1626
2341 2341 2409 2363 2274 2253 2293 2338 2321 2389 2369 2468 2453 2398 2537 2415 2311 2314 2426 2472 2396 2275 2284 2259 2407 2639 2448 2313 2275 2210 2166 2149 2141 2129 2135 2187 2222 2249 2230 2129 2072 2045 1996 2037 1948 1813 1779 1840 1770 1535 1450 1425 1507 1595 1689 1770 1820 1921 1968 1771 1704 1706 1709 1756 1791 1853 1927 1992 2034 1904 1885 1874 1867 1907 1949 1970 2010 2044 2042 2047 2029 2048 1996 2002 1972 1909 1845 1797 1785 1747 1704 1675 1648 1671 1650 1613
2418 2428 2433 2408 2367 2285 2365 2647 2591 2524 2466 2476 2596 2567 2544 2443 2455 2595 2476 2360 2297 2223 2206 2238 2263 2292 2288 2223 2263 2202 2150 2140 2134 2128 2128 2137 2192 2237 2199 2131 2068 2056 2196 2280 2330 1927 1844 1787 1764 1734 1430 1403 1470 1584 1680 1796 1801 1827 1871 1785 1682 1661 1685 1728 1787 1834 1885 1927 1965 1895 1857 1865 1859 1875 1884 1929 1964 1996 1989 2002 2028 2002 1984 1945 1901 1912 1865 1779 1732 1731 1700 1684 1640 1629 1587 1550
2499 2501 2465 2498 2516 2386 2421 2519 2495 2525 2514 2548 2576 2615 2702 2619 2576 2790 2559 2357 2324 2231 2207 2186 2162 2164 2152 2149 2175 2146 2129 2127 2144 2183 2178 2166 2190 2222 2164 2147 2096 2164 2282 2538 2557 2095 1913 1837 1782 1679 1463 1399 1466 1551 1684 1729 1717 1713 1784 1730 1646 1633 1667 1707 1753 1783 1846 1937 2012 1911 1880 1887 1889 1846 1863 1891 1915 1925 1911 1948 2042 2049 2006 1972 1912 1854 1837 1785 1755 1720 1687 1647 1603 1564 1570 1568
2671 2636 2501 2373 2440 2399 2315 2274 2320 2337 2392 2337 2354 2413 2521 2537 2462 2607 2498 2357 2396 2512 2319 2145 2111 2104 2101 2113 2137 2114 2084 2132 2192 2235 2264 2202 2191 2193 2120 2070 2089 2185 2317 2635 2719 2385 2130 1860 1716 1594 1490 1390 1455 1540 1667 1726 1712 1651 1669 1636 1601 1601 1639 1678 1752 1818 1882 1937 1975 1918 1869 1872 1840 1805 1826 1824 1832 1859 1862 1934 1989 1988 1977 1958 1940 1926 1899 1858 1814 1756 1708 1653 1625 1599 1534 1549
2642 2479 2309 2259 2314 2301 2290 2267 2268 2347 2412 2252 2219 2252 2313 2434 2313 2251 2289 2225 2215 2359 2156 2115 2096 2083 2073 2087 2135 2100 2089 2143 2216 2278 2357 2313 2284 2246 2141 2037 2056 2150 2164 2444 2667 2552 2170 1885 1744 1641 1502 1397 1395 1484 1583 1602 1591 1572 1572 1581 1561 1578 1611 1663 1729 1761 1861 1944 2035 1985 1824 1833 1840 1789 1771 1774 1815 1846 1852 1935 1992 1983 1955 1933 1900 1886 1888 1862 1831 1779 1721 1690 1635 1600 1537 1560
2616 2503 2309 2232 2205 2389 2352 2315 2195 2261 2372 2254 2166 2163 2245 2196 2145 2172 2233 2132 2125 2124 2125 2105 2087 2068 2077 2105 2176 2104 2097 2154 2295 2321 2443 2488 2534 2584 2177 2037 1955 1980 2016 2346 2229 2315 2025 1788 1771 1659 1515 1412 1407 1471 1565 1558 1553 1545 1531 1525 1542 1567 1609 1665 1723 1805 1931 2021 1970 1909 1843 1769 1776 1736 1741 1791 1778 1816 1916 1958 2045 2131 2017 1960 1923 1901 1833 1843 1808 1768 1727 1717 1634 1586 1536 1478
2469 2329 2192 2174 2349 2427 2354 2268 2296 2069 2039 2094 2288 2402 2275 2202 2168 2099 2095 2099 2109 2112 2116 2100 2091 2088 2230 2196 2201 2132 2131 2178 2441 2520 2547 2584 2759 2501 2287 2088 1905 1879 1888 2021 2250 1917 1826 1745 1758 1663 1513 1395 1394 1490 1533 1579 1529 1519 1510 1514 1541 1585 1629 1686 1763 1827 2043 2045 2017 1937 1864 1755 1704 1693 1715 1731 1763 1895 1949 2104 2150 2195 2059 1981 1935 1898 1867 1827 1772 1727 1701 1666 1650 1591 1545 1496
2309 2221 2190 2131 2103 2168 2251 2137 2013 1983 2068 2219 2435 2510 2567 2451 2331 2072 2068 2072 2108 2109 2116 2098 2170 2195 2365 2640 2356 2233 2177 2192 2283 2361 2413 2466 2597 2817 2428 2065 1897 1812 1776 1794 1921 1779 1719 1657 1738 1732 1491 1378 1399 1471 1539 1603 1540 1488 1490 1510 1533 1598 1680 1738 1859 1869 2035 1963 1895 1896 1878 1761 1691 1676 1675 1711 1770 1860 1942 2021 2221 2082 2023 1977 1953 1916 1873 1840 1794 1750 1708 1645 1636 1588 1523 1479
2273 2203 2268 2449 2401 2208 1932 1938 1970 2078 2147 2294 2408 2483 2305 2218 2103 2072 2068 2073 2127 2133 2167 2226 2254 2272 2434 2600 2407 2291 2207 2201 2202 2241 2281 2394 2548 2809 2232 2031 1902 1812 1711 1667 1864 1679 1633 1587 1569 1524 1441 1373 1421 1462 1488 1525 1491 1468 1468 1478 1506 1573 1668 2023 1954 1934 2003 1984 1838 1803 1743 1693 1683 1677 1675 1684 1744 1995 2149 2057 2021 2001 1946 1914 1876 1886 1843 1811 1745 1717 1690 1648 1608 1581 1547 1536
2178 2395 2445 2279 2107 1892 1864 1965 1993 2132 2232 2357 2624 2648 2511 2295 2120 2084 2123 2389 2350 2312 2263 2297 2312 2357 2336 2444 2385 2317 2275 2218 2130 2144 2235 2293 2410 2384 2117 2086 1924 1815 1713 1632 1616 1586 1547 1517 1486 1435 1379 1396 1471 1467 1466 1471 1459 1456 1456 1465 1502 1564 1648 2153 2213 2079 1860 1863 1886 1722 1654 1673 1772 1675 1644 1652 1711 1832 1976 2059 2356 2063 1976 1924 1895 1824 1785 1759 1762 1756 1715 1676 1617 1584 1548 1513
2359 2519 2290 2050 1920 1922 1788 1863 2161 2326 2508 2437 2564 2527 2412 2395 2224 2131 2157 2326 2422 2529 2462 2352 2360 2323 2370 2402 2341 2381 2377 2176 2067 2104 2166 2170 2330 2462 2345 2134 1928 1857 1732 1640 1565 1520 1480 1446 1403 1371 1375 1483 1475 1460 1464 1459 1451 1447 1442 1446 1475 1553 1677 2142 1915 1803 1803 1741 1723 1663 1590 1669 1710 1622 1614 1642 1702 1816 2157 2500 2209 2076 1996 1928 1884 1883 1833 1842 1826 1780 1719 1641 1598 1555 1530 1495
2357 2395 2065 1922 2091 1875 1886 2076 2162 2329 2709 2492 2384 2382 2301 2244 2249 2279 2371 2509 2439 2597 2579 2400 2316 2305 2321 2346 2334 2376 2409 2142 2025 2070 2104 2224 2457 2795 2598 2225 2208 1866 1708 1618 1545 1482 1456 1403 1386 1411 1441 1471 1460 1453 1448 1439 1434 1436 1434 1429 1463 1544 1689 2332 1819 1645 1651 1677 1614 1579 1556 1652 1625 1581 1598 1645 1689 1750 1960 2160 2221 2182 2018 1989 2111 1987 1961 1927 1902 1836 1747 1648 1598 1578 1520 1463
2235 2107 1945 1915 2060 1848 2159 2251 2115 2142 2254 2304 2369 2330 2313 2356 2540 2487 2384 2340 2342 2376 2366 2310 2288 2313 2318 2282 2337 2334 2324 2110 1992 1992 2059 2205 2308 2472 2727 2325 2273 1799 1683 1596 1523 1455 1411 1361 1342 1432 1438 1441 1449 1446 1439 1433 1431 1423 1421 1425 1469 1538 1632 2147 2036 1638 1555 1640 1537 1488 1489 1550 1539 1561 1630 1686 1734 1776 1830 1964 2285 2228 2141 2142 2490 2353 2668 2527 2333 2137 1996 1784 1661 1585 1524 1462
1973 1966 2010 1971 1801 1848 2186 2225 2176 2173 2311 2434 2548 2558 2559 2371 2503 2501 2358 2297 2265 2249 2246 2303 2383 2339 2266 2284 2360 2506 2339 2117 1999 1894 1986 2052 2144 2634 2589 2209 1944 1842 1654 1594 1517 1430 1350 1337 1375 1443 1465 1468 1460 1444 1435 1433 1431 1424 1419 1417 1461 1532 1756 1589 1928 1676 1518 1494 1473 1446 1444 1487 1540 1580 1661 1802 1840 1936 1922 1948 2112 2074 2054 1994 1995 2070 2326 2479 2537 2636 2516 2035 1699 1645 1592 1530
1894 1850 1784 1739 2038 2055 2294 2346 2266 2304 2376 2423 2512 2506 2569 2501 2344 2259 2203 2168 2149 2170 2254 2285 2316 2311 2241 2310 2374 2376 2213 2113 2017 1958 2010 1874 1971 2310 2392 2158 1942 1791 1689 1573 1511 1417 1328 1332 1406 1455 1484 1512 1500 1465 1440 1432 1427 1418 1418 1433 1528 1721 1560 1507 1607 1567 1457 1420 1401 1399 1449 1517 1591 1655 1767 1988 2070 2385 2220 2055 2152 2058 1963 1950 1888 1928 1939 1995 1999 2003 1897 1779 1684 1641 1616 1516
1855 1697 1644 1726 1872 2072 2300 2483 2515 2678 2490 2440 2463 2417 2440 2476 2532 2493 2375 2221 2174 2160 2197 2252 2224 2293 2245 2313 2384 2319 2196 2101 2061 2156 1957 1854 1885 1990 2139 2036 1868 1740 1622 1540 1433 1353 1397 1404 1444 1461 1462 1479 1475 1454 1436 1431 1438 1439 1446 1499 1687 1961 1532 1439 1420 1438 1398 1381 1375 1395 1478 1582 1640 1730 1868 2025 2420 2665 2467 2252 2125 2073 2054 1974 1897 1996 1868 1864 1900 1856 1814 1712 1679 1590 1545 1475
1719 1598 1584 1690 1821 1991 2200 2543 2758 2729 2584 2488 2355 2462 2397 2380 2563 2516 2378 2284 2217 2142 2198 2190 2241 2339 2315 2337 2332 2289 2184 2107 2125 2330 2232 1940 1760 1869 1854 1864 1817 1700 1603 1488 1380 1428 1555 1423 1437 1435 1434 1438 1447 1442 1435 1449 1469 1473 1489 1612 1659 1629 1517 1405 1375 1365 1359 1357 1367 1508 1474 1544 1695 1937 2023 2297 2637 2492 2361 2301 2184 2096 2038 2048 2028 2084 2015 1893 1761 1792 1861 1784 1738 1647 1570 1525
1652 1580 1536 1644 1809 2042 2302 2473 2768 2585 2501 2436 2311 2442 2406 2314 2468 2427 2478 2484 2314 2147 2126 2215 2234 2288 2385 2408 2437 2322 2170 2052 2046 2200 2098 1908 1803 1700 1738 1710 1673 1575 1490 1436 1337 1581 1655 1435 1435 1436 1466 1446 1464 1480 1495 1497 1524 1525 1546 1589 1620 1594 1619 1345 1326 1322 1334 1341 1348 1429 1439 1526 1831 1752 1849 2205 2923 2827 2634 2447 2232 2160 2097 2048 1935 1877 1804 1766 1740 1705 1728 1725 1706 1650 1611 1543
1721 1660 1543 1611 1842 2262 2504 2680 2712 2640 2544 2462 2373 2235 2200 2233 2351 2325 2547 2588 2332 2111 2122 2186 2289 2353 2343 2424 2521 2358 2210 2061 1934 2004 2009 1888 1882 1692 1613 1624 1615 1547 1474 1418 1347 1552 1775 1439 1399 1424 1466 1487 1524 1561 1589 1596 1609 1654 1620 1628 1549 1648 1416 1291 1280 1297 1310 1324 1333 1355 1413 1496 1648 1662 1762 2122 2882 3114 2615 2299 2189 2217 2205 1943 1963 1978 2013 1983 1856 1744 1606 1620 1642 1690 1624 1537
1795 1865 1696 1541 1853 2451 2556 2684 2795 2897 2742 2469 2498 2388 2242 2122 2192 2251 2312 2350 2193 2023 2029 2044 2207 2289 2340 2420 2462 2282 2164 2098 1914 1973 2147 1842 1798 1685 1595 1541 1524 1515 1464 1375 1343 1519 1635 1474 1417 1454 1489 1530 1586 1657 1712 1742 1764 1764 1798 1938 2062 1769 1346 1262 1259 1282 1293 1307 1313 1337 1384 1448 1532 1643 1804 2178 2574 2709 2405 2208 2080 2077 1992 2200 2163 2115 2005 1916 1825 1750 1711 1670 1605 1562 1540 1494
1837 2043 1843 1477 1841 2551 2482 2473 2944 2794 2887 2588 2380 2361 2277 2227 2176 2041 2071 2116 1999 1929 2020 2038 2153 2310 2372 2497 2598 2367 2235 2033 1914 1874 1874 1813 1731 1658 1590 1538 1524 1484 1434 1374 1328 1450 1629 1498 1435 1463 1515 1574 1650 1781 1881 1968 1878 1930 2133 2205 1787 1370 1271 1241 1254 1273 1280 1289 1307 1335 1364 1434 1523 1670 2108 2244 2086 2468 2406 2188 2165 2257 2235 2395 2179 2079 2014 2001 1906 1817 1767 1728 1739 1706 1622 1550
1734 1753 1802 1474 1671 1971 2269 2434 2412 2425 2633 2575 2383 2313 2362 2199 2050 1884 1873 1980 1920 1990 2073 2090 2233 2401 2571 2670 2734 2394 2152 2026 1963 1880 1934 1761 1689 1585 1537 1513 1514 1473 1441 1370 1329 1439 1537 1486 1468 1496 1535 1593 1688 1810 2046 2057 1980 2040 1802 1518 1364 1269 1241 1246 1258 1263 1271 1283 1296 1310 1334 1411 1530 1706 2030 1945 1946 2234 2392 2274 2300 2438 2416 2352 2285 2251 2105 1973 1906 1875 1855 1770 1718 1736 1647 1591
1612 1523 1609 1573 1533 1732 1843 1941 2051 2109 2107 2199 2361 2415 2400 2311 2139 1984 1811 1845 1958 2025 2126 2238 2286 2388 2544 2769 2419 2267 2080 1956 1903 1894 1884 1745 1628 1563 1537 1520 1473 1417 1399 1341 1331 1411 1499 1464 1481 1523 1563 1604 1685 1828 2091 2003 1863 1916 1464 1350 1278 1239 1239 1245 1250 1255 1265 1275 1285 1292 1333 1396 1532 1635 1723 1869 2027 2188 2343 2285 2406 2448 2352 2296 2250 2153 2086 2009 1931 1889 1845 1795 1722 1674 1615 1596
1744 1644 1656 1596 1590 1655 1735 1757 1785 2010 1890 2216 2324 2218 2132 2232 2287 2222 2115 1795 1884 2030 2084 2233 2340 2332 2451 2601 2585 2292 1967 1966 1811 1755 1719 1736 1691 1557 1500 1482 1462 1477 1341 1349 1371 1430 1449 1450 1479 1512 1550 1589 1677 1820 2102 1953 1878 1736 1396 1283 1244 1230 1228 1237 1239 1246 1250 1264 1264 1281 1324 1380 1487 1600 1775 1833 1907 2068 2168 2371 2470 2536 2398 2262 2179 2086 2076 2055 1948 1889 1843 1790 1705 1654 1622 1574
1676 1608 1654 1695 1643 1602 1630 1644 1702 1638 1654 1938 1939 1962 2195 2144 2153 1972 1890 2082 2166 2009 2160 2276 2443 2483 2648 2701 2692 2355 2145 2028 1973 1903 1831 1801 1672 1561 1506 1434 1406 1338 1315 1414 1432 1488 1465 1441 1475 1505 1528 1574 1646 1758 2021 1788 1832 1537 1387 1251 1226 1224 1222 1228 1232 1235 1239 1257 1264 1283 1314 1361 1445 1530 1631 2032 2062 2350 2269 2420 2436 2440 2428 2404 2252 2145 2062 2043 1966 1869 1883 1781 1720 1680 1637 1569
1748 1732 1712 1758 1707 1683 1540 1530 1592 1602 1527 1868 1721 1672 1868 1885 1899 1776 2061 2020 2124 2222 2266 2223 2326 2408 2414 2657 2741 2386 2276 2091 2037 1927 1824 1731 1682 1587 1509 1429 1360 1298 1388 1557 1474 1514 1477 1444 1442 1465 1490 1543 1613 1719 1906 1804 1870 1844 1375 1223 1207 1204 1209 1206 1213 1215 1223 1241 1258 1284 1318 1352 1410 1522 1662 1963 2356 2457 2535 2356 2480 2382 2375 2348 2254 2190 2164 2008 1939 1831 1847 1815 1720 1640 1641 1562
