Downloads/basemap-develop/examples/us_25m.dem
ncols  1405
nrows  621
xllcorner  -125.020833333337
yllcorner  24.062499999999676
cellsize 0.04166667
NODATA_value -9999
[rows 315 to 359 of 621, columns 864 to 959 of 1405]
121 118 123 122 134 138 138 153 149 134 151 134 129 124 140 154 154 120 143 122 138 111 157 161 123 124 160 179 170 166 143 152 155 159 166 157 163 167 183 182 180 177 178 192 188 192 191 188 179 183 193 197 200 194 198 201 209 208 197 189 186 195 204 191 187 209 208 200 230 228 199 185 229 239 220 239 283 280 289 269 307 300 247 222 220 213 186 205 223 260 275 252 283 261 323 293
114 120 107 114 132 133 147 151 154 137 152 149 153 133 148 161 151 130 130 149 145 117 135 177 137 121 125 139 156 179 156 156 151 155 159 164 165 172 180 179 171 171 175 183 190 179 182 184 170 180 181 184 180 186 192 198 206 211 210 195 205 212 192 201 209 190 228 224 238 243 223 194 228 253 260 261 251 289 255 273 295 274 253 224 181 203 215 190 215 244 279 291 309 301 330 366
117 122 126 119 119 130 139 149 156 144 151 155 157 145 160 163 153 149 151 150 151 143 113 161 135 110 147 153 173 197 173 168 174 169 174 176 182 172 181 166 157 170 182 179 188 175 171 180 182 169 168 177 170 182 185 189 203 217 225 191 216 216 196 197 229 207 199 224 247 245 207 203 218 216 221 253 271 268 263 285 301 261 200 180 207 255 241 263 271 293 260 284 322 338 308 380
118 123 142 136 125 141 147 136 154 152 155 162 161 152 167 169 157 141 155 152 145 148 122 127 162 132 114 151 190 182 170 176 169 168 166 165 165 168 166 158 169 169 177 171 173 173 163 178 173 162 168 171 180 185 198 190 214 223 218 220 211 225 206 234 210 232 210 218 244 236 238 227 211 220 209 219 224 236 243 268 280 264 253 197 192 243 256 283 225 276 236 290 296 277 280 322
103 110 113 117 126 148 144 154 147 161 152 165 166 166 163 170 163 145 162 153 145 118 126 117 157 166 135 134 156 141 176 175 172 172 162 155 150 159 164 148 155 154 158 169 177 181 162 180 157 179 184 195 194 187 207 215 201 217 224 233 215 236 242 231 213 244 236 240 253 231 261 245 227 239 221 250 259 234 267 270 274 285 234 209 184 218 277 232 219 207 215 221 222 277 296 325
114 119 122 122 128 123 148 154 154 162 166 156 157 172 168 162 155 152 156 153 145 119 146 112 137 149 128 142 152 178 190 194 182 180 184 180 171 159 160 145 151 157 173 178 170 162 165 176 188 181 209 198 211 192 197 213 224 211 226 243 246 228 249 246 221 232 260 238 251 234 267 244 254 268 251 236 258 266 268 280 293 281 246 207 188 270 258 201 214 228 219 270 312 262 281 357
106 106 127 129 133 125 142 150 152 150 157 151 148 172 171 167 162 161 164 150 126 145 151 111 141 158 148 121 164 152 169 175 196 199 197 188 186 182 162 131 131 131 147 150 171 152 166 183 201 192 209 207 209 207 221 210 218 229 239 252 246 243 258 271 270 257 243 294 293 293 273 284 258 269 269 259 271 269 276 284 270 252 235 213 195 194 229 242 248 250 272 225 243 306 293 271
122 113 121 114 126 145 145 134 127 125 145 144 132 158 180 177 169 172 158 148 140 145 121 111 150 161 156 134 116 118 123 143 159 197 168 143 158 148 125 125 132 140 174 170 179 172 165 157 166 177 189 208 207 194 221 236 240 252 268 268 277 259 246 235 216 201 249 288 279 261 282 252 282 294 289 291 282 245 229 217 261 213 177 200 235 247 263 261 285 308 303 264 301 235 385 421
115 104 106 121 122 119 127 116 112 116 122 124 125 130 158 173 182 173 150 145 159 149 122 132 164 167 180 173 141 147 134 126 157 185 175 128 125 117 160 179 156 135 156 181 207 205 201 195 192 211 204 201 225 228 215 242 267 257 218 191 237 216 199 193 162 196 237 235 248 200 239 203 229 262 285 307 264 238 210 194 220 228 183 221 251 292 270 328 367 311 284 301 301 244 312 293
103 97 101 98 101 107 107 114 128 128 121 134 148 136 142 153 176 171 145 151 149 120 111 111 163 173 167 192 181 169 156 130 122 135 117 147 176 176 181 198 167 125 153 184 174 193 217 220 214 215 222 221 239 242 248 248 223 212 200 193 176 164 190 160 160 201 206 200 198 187 205 219 228 246 273 262 252 255 261 227 193 227 242 292 288 308 321 320 390 344 392 318 281 369 323 294
97 101 107 117 123 127 126 119 129 145 147 131 147 148 157 154 156 165 125 146 130 125 115 125 115 127 160 182 211 191 171 167 122 144 160 137 162 199 223 201 195 168 132 162 177 197 188 203 178 182 199 204 231 251 189 184 210 184 190 173 157 154 168 156 148 179 167 147 156 192 216 189 242 209 244 215 204 198 198 208 193 184 253 268 290 291 269 311 327 372 397 412 288 465 458 404
107 111 108 109 121 144 133 143 134 136 134 138 151 153 162 173 165 143 136 123 125 112 117 162 121 121 147 167 185 202 212 172 142 174 174 148 188 215 215 194 184 146 150 150 182 158 145 155 192 218 231 242 236 240 197 153 157 165 162 162 145 142 140 147 153 152 151 158 164 167 148 202 240 218 205 215 229 175 171 196 232 247 231 227 237 273 264 277 301 332 431 375 409 530 524 396
92 99 106 112 122 118 120 130 146 129 120 131 133 145 148 152 160 133 125 133 118 125 113 166 160 114 145 176 182 192 193 195 161 201 182 162 185 215 224 244 190 184 168 148 164 135 143 182 208 197 227 232 202 201 202 153 131 146 159 146 144 141 166 148 157 161 177 164 193 222 158 159 180 232 166 169 196 208 232 220 250 274 272 265 281 265 294 325 314 389 464 381 469 534 539 483
91 96 108 110 115 122 118 111 110 113 114 125 132 137 142 159 160 130 122 128 134 118 117 157 149 124 128 145 153 155 177 209 200 221 181 167 207 229 221 206 191 203 197 176 158 191 178 137 164 189 205 200 161 181 196 139 135 140 143 173 161 165 176 184 152 169 164 193 177 193 155 192 206 162 172 190 200 187 220 282 270 277 291 294 314 317 298 316 335 410 399 353 530 513 489 436
93 93 91 108 110 101 115 121 124 137 137 142 149 153 167 156 155 129 145 140 128 119 140 158 166 139 132 152 182 184 176 172 180 209 226 178 201 235 238 212 233 218 192 159 144 193 189 156 143 138 151 142 143 153 170 139 139 148 156 176 161 174 187 223 169 168 176 210 203 192 188 284 248 176 186 231 258 226 231 253 252 290 297 311 329 329 359 354 438 408 448 395 546 504 494 536
93 116 97 98 109 115 116 110 115 116 131 123 140 159 156 144 153 138 133 133 118 125 153 167 163 146 114 142 138 167 165 198 228 212 225 216 201 244 272 237 216 177 196 212 161 161 205 185 175 157 166 130 142 144 140 133 149 142 174 183 186 197 201 216 196 198 190 239 216 207 202 254 216 220 168 202 213 224 263 267 297 324 316 329 337 340 395 393 483 454 549 542 524 539 543 523
108 105 119 106 99 107 119 122 122 131 130 134 148 142 153 141 151 144 148 124 126 150 153 175 175 159 117 168 168 182 205 210 231 244 236 238 215 243 247 221 215 187 217 230 188 168 182 220 223 188 156 165 156 179 160 150 165 153 138 154 170 187 193 206 220 252 210 223 238 202 246 273 217 218 254 196 192 206 236 292 299 309 310 315 320 351 346 435 512 446 572 562 569 559 547 537
117 110 108 121 122 123 112 106 119 117 113 118 122 141 128 134 133 150 149 126 144 152 143 136 154 113 146 158 163 176 188 198 221 229 212 249 248 240 260 235 226 212 234 221 186 195 166 191 181 188 230 190 225 215 185 169 170 168 151 146 180 182 181 191 201 215 237 238 259 229 260 234 238 244 186 267 217 242 284 280 283 309 306 303 295 318 447 501 377 519 583 599 578 567 571 553
111 123 119 112 119 128 125 115 115 121 119 141 117 129 135 147 148 146 129 137 152 140 129 119 110 159 151 142 146 152 184 193 184 186 220 240 243 211 236 241 250 226 219 194 225 206 196 192 241 189 194 199 232 248 188 203 172 198 168 167 149 161 173 191 203 213 220 267 308 279 294 272 259 233 221 268 241 210 226 239 300 267 289 300 304 308 454 437 353 454 536 596 595 580 553 550
93 96 120 124 121 118 128 140 125 146 126 129 143 128 122 125 150 150 130 152 157 146 150 122 113 137 120 132 128 175 156 179 197 202 221 237 229 218 215 233 249 237 228 212 229 239 240 205 227 226 187 220 278 215 226 187 191 204 189 181 155 157 170 180 193 217 228 249 318 271 242 219 213 251 252 313 263 287 281 226 249 277 297 304 322 371 295 296 391 551 581 566 566 568 542 530
108 108 114 119 124 123 118 122 136 146 150 155 146 155 141 124 152 138 148 163 161 154 131 125 111 111 125 126 145 137 177 168 165 198 213 243 203 191 219 241 255 256 245 230 243 253 217 231 246 239 188 209 227 251 257 213 191 222 199 185 165 158 164 167 200 225 205 207 234 251 226 304 231 309 261 335 332 311 291 232 284 308 312 312 331 299 288 379 563 578 576 561 535 558 555 546
100 120 126 117 111 128 126 140 127 141 134 145 155 159 150 143 150 148 162 162 146 133 129 174 153 126 123 171 143 163 157 159 203 189 201 235 201 181 214 244 258 266 255 267 276 254 232 266 238 219 220 203 222 248 239 297 268 260 207 171 176 165 169 171 169 173 205 215 249 275 269 316 264 317 297 332 315 307 279 241 272 284 308 387 292 300 346 558 552 561 557 516 544 569 571 577
113 121 122 130 122 123 138 146 148 157 152 159 153 175 153 152 146 167 177 157 138 140 169 176 175 155 130 167 131 167 175 147 171 203 211 197 166 185 202 228 245 237 234 232 259 265 276 237 242 218 240 239 212 207 214 226 240 271 187 187 182 173 175 187 192 187 180 197 210 281 305 312 332 408 360 339 318 308 290 260 252 278 304 336 279 321 314 438 503 536 471 530 553 578 576 576
95 98 121 122 138 147 154 157 161 161 156 169 169 157 151 147 152 167 176 166 155 169 181 154 131 118 172 166 170 158 192 144 155 179 166 162 200 214 224 219 233 203 210 217 232 254 286 262 270 229 243 235 263 264 253 222 229 241 267 207 198 187 179 187 195 211 195 232 215 243 234 238 273 354 362 341 332 318 319 290 256 337 292 309 273 297 287 362 367 394 484 555 577 574 590 557
115 114 98 123 129 129 137 124 124 139 152 169 180 177 157 153 160 178 155 149 151 162 154 172 137 142 173 175 193 181 182 197 182 155 202 169 188 173 173 172 184 195 234 245 222 235 274 263 251 274 266 252 254 300 250 237 222 238 253 236 202 197 189 193 197 233 217 232 235 256 278 306 333 365 346 337 326 317 292 300 271 259 275 290 338 326 318 464 535 527 542 532 538 593 596 550
133 124 111 105 110 116 116 136 149 158 152 145 152 163 158 162 171 170 156 151 140 147 137 145 121 143 180 204 208 151 192 219 212 179 195 185 172 192 167 221 185 164 205 223 235 253 250 267 213 229 224 224 240 263 300 252 253 223 230 244 255 205 198 198 203 234 296 276 256 256 308 351 346 337 337 312 310 311 288 274 290 305 270 306 469 539 464 426 530 545 520 515 552 568 514 330
121 123 125 127 131 134 140 158 165 173 160 148 151 157 153 179 172 152 154 152 133 123 132 120 162 174 172 199 207 151 168 197 234 202 236 229 225 229 188 204 242 201 184 211 203 228 223 248 207 208 211 225 223 224 249 274 250 256 246 253 234 214 216 211 210 232 261 343 284 308 358 344 336 310 316 319 308 306 285 312 317 368 282 457 468 493 516 437 551 538 522 522 545 446 279 452
104 111 114 123 150 147 159 152 144 155 148 152 152 154 147 158 153 150 133 136 146 159 154 138 151 178 179 207 205 173 220 193 204 241 263 242 224 216 219 248 261 196 172 214 235 182 191 193 206 230 242 213 203 219 225 225 226 228 231 232 232 234 248 287 284 274 324 316 380 358 351 333 319 306 303 298 293 287 309 290 320 490 344 544 544 556 530 512 525 550 525 561 426 274 342 592
119 122 118 112 120 129 135 136 145 142 138 150 146 153 144 145 147 121 120 119 123 140 143 122 149 162 175 213 163 189 195 224 232 208 237 276 267 206 240 242 214 194 233 185 213 189 196 194 196 226 240 202 196 207 205 214 216 217 218 226 231 235 300 294 316 327 289 330 358 352 336 327 320 321 321 316 296 322 432 305 401 533 552 521 548 556 557 530 514 524 573 389 272 416 597 596
134 128 129 129 118 113 118 125 132 120 123 129 152 166 155 148 141 128 140 138 132 146 131 133 131 168 179 210 167 209 231 237 247 233 265 268 249 207 252 265 263 221 231 188 197 209 202 223 198 198 203 199 208 204 202 204 209 207 215 221 231 236 250 287 273 281 281 301 323 338 327 344 342 321 313 304 309 466 340 279 405 469 561 556 561 573 579 576 535 535 425 262 338 610 577 566
137 148 144 154 139 135 124 132 150 149 151 157 156 169 166 159 152 141 148 154 146 140 158 171 125 132 171 188 181 205 233 264 271 277 277 287 262 239 253 250 271 261 214 205 206 248 228 243 213 197 213 201 207 213 205 211 214 210 213 215 229 237 257 278 267 263 319 338 348 332 325 341 336 325 332 318 328 440 357 349 413 522 537 563 575 564 571 581 558 507 271 289 573 596 577 493
118 140 152 172 140 152 131 123 128 128 148 168 166 177 162 151 163 153 152 157 160 167 151 156 125 166 190 200 182 224 240 263 265 238 263 261 257 276 275 291 276 273 239 245 257 253 241 273 260 219 231 230 242 217 212 212 226 229 223 222 239 240 258 268 248 304 291 297 334 316 319 330 333 340 339 326 467 488 426 469 321 528 576 554 582 574 537 579 474 266 284 594 568 570 523 316
127 142 167 136 149 147 129 121 122 125 154 166 157 173 155 147 145 145 134 141 150 144 160 126 144 164 189 203 183 188 220 231 224 221 232 221 246 251 269 299 301 296 273 277 287 307 282 262 242 247 220 248 274 225 229 230 230 238 239 236 233 233 236 241 252 272 265 272 303 300 323 326 333 335 367 556 470 591 573 566 545 370 526 570 637 615 559 570 255 257 573 587 559 497 264 276
124 124 116 122 139 164 157 130 137 131 142 151 168 157 152 142 138 151 138 134 137 139 119 134 116 134 154 193 238 233 223 232 220 257 263 257 262 272 268 285 289 302 304 290 286 283 305 293 280 303 267 268 289 252 276 274 260 267 259 250 259 246 269 277 279 320 317 305 314 307 330 329 325 326 382 589 592 593 575 551 527 547 558 619 597 620 494 273 251 479 599 550 510 360 270 243
121 147 148 150 155 151 157 148 143 152 150 155 164 150 138 127 124 131 140 119 120 134 127 144 134 146 210 240 206 244 236 271 226 267 298 295 279 305 293 272 285 288 308 301 257 268 297 240 245 277 272 298 285 317 328 304 303 301 307 299 295 302 278 309 305 335 328 321 324 320 321 331 320 314 343 559 398 582 573 567 569 578 588 583 651 591 466 241 373 617 570 522 479 273 222 219
102 126 152 155 147 152 173 163 156 151 158 156 171 160 170 148 123 121 123 121 126 156 158 141 168 181 213 230 262 260 243 280 251 279 307 290 277 304 302 291 288 301 304 306 299 252 258 242 245 249 285 264 264 284 295 299 252 264 282 321 307 308 316 298 317 331 327 308 324 305 307 304 303 304 321 389 372 524 577 584 533 567 633 616 557 453 237 247 623 541 511 489 420 235 241 224
113 130 155 147 155 170 172 145 147 158 172 183 158 155 162 135 146 146 116 115 155 156 165 156 189 197 186 196 208 246 261 278 277 292 298 290 290 291 283 288 286 293 296 267 271 282 248 246 274 269 241 274 291 308 296 284 257 240 305 292 308 258 287 267 317 304 317 308 304 288 297 303 305 304 303 305 470 596 581 557 511 494 584 631 551 268 222 557 562 536 514 437 259 243 212 247
129 104 124 151 142 153 139 127 146 153 154 177 150 138 148 145 125 118 118 120 150 173 177 201 172 220 203 215 231 249 282 304 275 255 269 268 263 272 281 268 273 277 298 264 232 240 220 246 256 288 293 282 241 251 276 254 247 220 292 299 277 251 255 275 308 289 281 291 300 273 300 332 342 331 357 455 555 574 556 582 541 406 568 577 307 212 438 598 557 501 449 448 263 247 211 272
124 128 106 108 111 124 123 122 139 153 150 168 173 151 128 131 132 115 125 128 144 163 197 213 197 181 227 237 212 233 287 297 272 247 267 242 255 243 275 246 284 300 292 278 262 233 207 230 273 273 273 252 239 266 222 225 261 215 262 258 272 223 267 301 273 265 254 275 268 277 294 307 406 545 561 576 485 431 523 569 522 436 418 514 212 296 623 601 562 567 299 239 233 221 240 249
151 152 126 115 108 128 150 151 153 154 144 156 180 152 136 122 117 116 155 140 177 167 182 214 234 228 232 264 241 270 303 288 283 265 215 228 235 224 240 259 273 274 266 276 295 276 234 202 243 229 260 260 225 254 261 221 249 211 223 223 240 253 277 260 267 260 275 299 303 285 293 299 305 449 471 564 431 279 474 391 537 441 460 230 215 561 534 530 583 381 243 210 252 211 236 219
161 150 143 141 115 129 143 138 151 143 146 164 175 151 135 137 142 115 154 173 160 184 195 195 210 244 225 264 283 283 296 263 257 254 258 201 212 227 254 270 276 249 250 267 274 282 279 215 200 231 252 225 247 243 230 202 213 218 232 212 246 230 246 242 245 270 279 293 318 317 322 363 361 360 366 546 541 360 236 401 494 486 212 218 341 521 395 405 481 252 215 243 226 234 229 258
153 161 138 131 121 122 139 160 147 130 151 153 154 151 148 131 141 113 147 149 178 189 210 205 227 237 258 268 280 276 290 275 231 244 228 197 239 241 248 245 274 238 242 242 263 271 252 266 220 199 224 196 204 212 222 240 265 291 297 266 272 285 292 283 285 274 272 298 388 500 494 558 466 369 347 531 414 332 289 421 527 204 208 219 329 325 468 380 214 235 213 231 236 271 254 269
174 150 158 128 132 119 124 134 123 146 143 147 151 153 160 159 155 129 141 146 158 190 205 221 221 201 227 267 259 272 252 247 238 221 199 234 240 235 245 266 255 258 222 222 249 231 225 244 221 205 202 203 254 251 266 249 262 279 276 279 261 268 272 277 290 285 286 308 390 383 416 532 417 367 281 477 487 476 430 283 199 194 238 242 469 441 358 314 204 210 255 204 219 257 274 265
170 164 161 128 147 123 149 127 131 143 153 152 156 151 146 144 128 171 144 132 168 198 203 215 189 225 248 250 228 236 223 214 219 194 189 214 222 211 236 242 240 249 254 227 224 246 221 197 192 204 226 234 274 275 277 276 273 269 249 256 248 272 273 288 347 330 295 414 347 423 359 481 431 290 363 355 411 423 351 203 215 205 239 352 372 452 445 252 314 211 236 206 214 258 286 284
184 172 148 131 149 127 166 151 133 119 143 151 147 151 146 145 171 182 150 172 137 178 182 178 193 207 244 231 200 191 188 202 215 208 190 215 218 214 210 224 213 231 240 243 201 232 203 188 222 247 247 273 264 261 269 268 259 252 243 238 253 245 264 330 338 437 330 394 329 416 459 368 304 421 241 484 377 256 225 193 263 462 348 448 366 288 229 508 224 265 221 215 230 240 319 274
