Downloads/basemap-develop/examples/us_25m.dem
ncols  1405
nrows  621
xllcorner  -125.020833333337
yllcorner  24.062499999999676
cellsize 0.04166667
NODATA_value -9999
[rows 405 to 449 of 621, columns 288 to 383 of 1405]
223 181 182 180 188 224 286 259 239 259 347 404 568 583 454 428 424 416 412 412 402 365 362 355 356 369 393 436 462 465 449 459 430 426 426 436 451 454 457 459 484 531 587 620 671 736 867 952 854 901 617 623 753 915 984 717 847 859 902 1013 1186 1327 1193 1322 1730 1917 1511 1466 1284 1089 955 901 852 838 904 985 1108 1210 1408 1702 1869 1683 1393 1452 1841 1423 1297 1365 1199 1145 1314 1363 1434 1524 1920 1988
235 212 218 212 216 221 233 236 231 274 315 360 411 488 470 484 466 459 458 438 448 388 378 373 386 384 398 459 523 525 481 525 551 416 420 432 442 456 460 489 524 580 628 699 737 796 866 952 1016 929 797 774 619 614 678 737 928 925 1050 1182 1289 1416 1322 1445 1577 1763 1505 1270 1163 1028 1008 949 896 850 831 901 977 1096 1226 1398 1821 1612 1453 1304 1787 1608 1201 1229 1096 1163 1200 1245 1334 1500 1758 1812
231 214 216 215 216 214 216 219 243 285 338 356 414 555 660 555 547 494 490 487 467 417 401 386 400 386 392 419 445 455 449 455 486 427 427 432 450 452 467 495 535 585 646 704 780 841 878 945 1012 1072 1016 1091 869 686 623 733 979 1086 1041 1099 1282 1302 1216 1363 1514 1858 1740 1256 1123 1072 1015 962 914 871 843 867 927 1004 1066 1183 1295 1545 1386 1227 1393 1379 1138 1241 1108 1076 1093 1144 1212 1351 1484 1489
230 222 223 223 224 227 232 240 262 291 364 386 417 478 633 653 703 538 488 488 482 429 418 408 399 387 394 406 423 425 424 425 450 434 437 440 448 458 483 508 546 595 662 712 790 880 922 971 1023 1106 1161 1182 1021 845 674 674 822 1210 1075 956 1054 1067 1160 1223 1371 1530 1359 1340 1545 1452 1108 1033 964 915 887 870 870 912 965 1035 1109 1222 1392 1231 1129 1095 1293 1441 1453 1421 1209 1099 1163 1294 1351 1546
226 230 231 238 248 253 262 270 282 313 356 431 440 482 564 578 618 540 510 532 602 482 475 421 406 399 403 409 418 419 423 437 448 441 444 447 452 464 489 524 568 593 644 724 777 863 985 1008 1056 1114 1177 1215 1091 944 776 671 755 924 889 1149 1211 1150 1153 1089 1154 1509 1849 2003 1824 1287 1205 1086 1023 928 917 912 883 883 893 937 976 1022 1045 1017 1025 1152 1317 1478 1686 1484 1304 1144 1147 1251 1387 1525
225 236 240 259 272 279 286 301 312 354 397 516 550 554 549 556 579 551 541 568 609 565 504 465 433 415 412 412 416 426 437 467 450 451 457 457 459 460 488 571 613 608 650 703 758 842 1000 996 1070 1182 1225 1158 1076 920 831 682 726 792 1005 1364 1465 1375 1177 1259 1097 1285 1521 1621 1473 1354 1221 1179 1094 1022 979 954 915 913 900 892 916 924 930 977 1034 1100 1199 1341 1548 1470 1358 1184 1130 1206 1299 1380
238 243 256 280 345 307 323 334 347 379 450 683 572 599 664 654 619 611 576 613 710 801 604 503 466 430 421 421 436 443 447 491 455 458 464 469 467 473 498 608 608 614 662 705 768 828 901 966 1101 1355 1294 1157 1036 912 1017 850 728 819 1007 1178 1473 1611 1462 1240 1258 1141 1299 1426 1491 1400 1512 1592 1395 1324 1232 1122 1059 1005 944 920 919 916 955 983 1030 1080 1196 1241 1353 1399 1363 1181 1119 1173 1226 1331
249 267 275 287 327 382 377 373 389 411 472 582 616 715 912 970 687 670 610 617 804 1049 669 559 534 460 427 427 450 456 455 455 459 462 471 478 478 490 586 716 606 617 656 706 764 831 884 961 1127 1335 1299 1160 1033 1033 1174 952 762 781 942 1146 1203 1399 1686 1423 1328 1345 1228 1297 1381 1520 1884 2247 1899 1868 1884 1902 1605 1227 1023 959 954 951 975 975 1010 1064 1120 1202 1287 1400 1377 1271 1169 1157 1167 1251
268 292 291 304 342 372 445 453 436 448 486 588 618 722 837 821 727 668 621 621 687 717 652 569 596 479 454 451 460 492 458 465 466 469 481 489 493 505 749 716 581 609 654 706 777 832 892 963 1055 1147 1225 1129 1057 1098 1168 1027 894 742 839 1042 1227 1422 1800 1712 1465 1432 1382 1240 1322 1450 1614 2024 2100 2659 2866 2877 2128 1428 1103 997 993 996 976 975 1011 1068 1161 1241 1233 1283 1253 1297 1245 1161 1157 1178
300 307 310 336 374 482 585 544 508 485 515 550 590 665 782 924 779 684 642 635 665 647 602 552 518 469 486 571 471 467 481 479 475 483 492 495 501 515 548 572 576 609 656 710 769 862 898 960 1017 1076 1123 1122 1140 1195 1193 1101 966 826 807 913 1087 1226 1912 1710 1773 1609 1469 1376 1289 1371 1440 1531 1564 1895 2087 2785 2262 1617 1286 1050 1081 1045 1006 977 1030 1188 1430 1258 1180 1172 1193 1477 1331 1204 1158 1200
421 370 345 353 380 422 527 600 555 656 558 603 636 679 737 901 767 710 656 651 666 651 602 549 518 473 472 487 487 498 557 552 486 491 497 501 511 530 592 555 569 605 655 712 784 843 932 1001 1054 1088 1086 1135 1208 1299 1304 1203 1081 962 830 823 952 1110 1331 1834 1814 2044 1599 1475 1339 1340 1394 1416 1435 1460 1575 1915 2488 1996 1311 1124 1132 1092 1035 982 1030 1119 1362 1222 1155 1127 1225 1611 1462 1257 1197 1216
361 416 369 361 380 425 477 558 681 653 633 634 678 718 922 813 759 679 674 655 651 800 638 546 518 487 498 494 487 488 560 488 487 498 504 513 528 543 548 552 568 596 658 697 767 853 979 1141 1130 1065 1060 1129 1183 1344 1527 1308 1199 1071 943 843 871 1012 1187 1486 1805 1946 1716 1451 1399 1356 1392 1373 1389 1398 1460 1633 1701 1778 1325 1260 1191 1132 1069 1028 1037 1097 1203 1256 1159 1098 1331 1680 1478 1361 1238 1219
343 359 390 425 405 430 483 558 692 678 757 842 798 835 782 747 729 683 670 680 658 613 586 543 522 488 544 662 501 491 503 502 515 512 524 541 556 572 555 563 568 587 628 684 750 814 1104 1231 1090 1027 1036 1042 1209 1369 1766 1424 1257 1143 1003 916 856 948 1103 1376 1582 1762 1610 1473 1431 1395 1390 1343 1368 1384 1422 1495 1729 1631 1440 1398 1268 1198 1131 1068 1037 1049 1093 1099 1106 1109 1217 1517 1395 1350 1271 1241
381 368 415 429 436 453 528 574 634 770 772 817 765 798 792 732 733 704 673 730 702 628 581 544 520 490 527 596 525 508 511 535 663 549 570 596 632 659 605 578 576 580 606 655 708 883 1130 1220 1089 975 954 982 1311 1660 2010 1568 1310 1189 1056 959 874 928 1051 1227 1519 1806 1798 1498 1511 1428 1398 1341 1334 1346 1385 1437 1555 1754 1765 1497 1340 1252 1175 1105 1068 1040 1040 1045 1068 1101 1157 1289 1350 1348 1317 1277
392 617 538 435 468 536 680 702 653 773 993 751 717 757 839 846 762 671 675 733 740 749 596 544 520 487 503 548 529 525 527 542 580 623 643 707 745 690 657 594 579 585 596 610 657 740 861 942 906 884 910 986 1561 2145 2176 1584 1514 1243 1114 1010 905 938 1107 1219 1413 1411 1857 1642 1573 1660 1411 1356 1308 1316 1334 1385 1480 1594 1639 1470 1359 1263 1189 1125 1084 1072 1059 1037 1052 1086 1138 1317 1387 1460 1419 1329
414 493 517 480 482 484 529 615 610 750 882 755 676 713 851 843 751 665 705 719 681 709 590 541 518 499 527 698 573 549 540 550 581 660 684 841 1023 720 668 617 592 600 610 618 650 672 754 812 832 819 872 1225 1876 2189 2307 2283 1686 1355 1124 1028 923 928 1077 1184 1263 1385 1564 1507 1613 1803 1554 1412 1312 1307 1309 1334 1393 1455 1475 1443 1339 1297 1186 1130 1106 1092 1075 1066 1064 1091 1188 1299 1415 1465 1512 1372
450 512 657 575 512 487 541 553 583 732 895 727 674 689 757 766 671 651 714 668 665 618 634 539 528 518 565 828 625 574 560 565 590 660 698 742 806 730 673 649 609 610 623 656 668 670 685 734 751 880 1409 1908 1862 1367 1697 1957 1975 1429 1197 1153 1040 947 990 1062 1182 1279 1346 1447 1542 1844 2003 1577 1334 1304 1302 1309 1356 1384 1395 1353 1290 1239 1205 1151 1130 1105 1090 1081 1067 1083 1120 1164 1247 1372 1687 1628
482 542 611 602 567 495 543 630 612 713 806 668 646 657 657 660 639 639 678 644 616 612 609 548 543 537 556 810 626 588 578 585 599 652 669 705 766 752 707 661 628 627 644 683 762 721 675 696 739 805 907 1044 1092 1088 1457 1445 1332 1230 1259 1222 1084 996 984 1039 1110 1257 1317 1340 1464 1585 1863 1619 1413 1308 1294 1294 1306 1317 1354 1340 1298 1258 1216 1186 1154 1128 1109 1095 1083 1087 1097 1134 1218 1343 1532 1507
501 552 546 544 549 500 536 652 613 664 706 685 661 628 654 627 627 646 681 674 658 644 606 589 576 555 561 578 604 593 620 626 610 640 666 673 717 723 676 664 651 651 664 745 891 868 739 708 707 730 771 810 825 805 841 984 1393 1240 1266 1348 1217 1162 1075 980 1061 1134 1291 1382 1441 1514 1600 1626 1514 1385 1283 1279 1280 1302 1513 1506 1411 1501 1378 1253 1187 1153 1136 1117 1103 1099 1101 1103 1146 1234 1330 1391
614 545 526 493 488 507 545 609 616 642 660 641 643 611 609 605 620 657 757 731 709 679 624 598 586 581 594 623 637 639 659 645 640 655 668 669 698 765 729 696 680 676 675 744 929 1050 862 751 698 728 740 770 792 793 806 843 927 1233 1392 1720 1682 1342 1212 1171 1008 1116 1275 1393 1412 1463 1532 1609 1388 1328 1279 1279 1276 1277 1294 1425 1713 1839 1637 1679 1258 1197 1172 1155 1138 1123 1116 1100 1121 1181 1257 1312
655 609 494 466 480 508 584 611 646 641 660 647 622 609 600 594 613 652 882 797 851 778 661 616 619 642 646 662 707 735 706 681 675 668 670 687 709 762 886 795 730 700 694 714 755 830 926 823 772 737 761 783 798 833 880 874 1244 1765 2016 2436 1648 1411 1259 1320 1088 1064 1237 1438 1399 1405 1432 1412 1346 1292 1278 1279 1274 1276 1282 1331 1482 1888 2098 1783 1850 1375 1230 1215 1200 1174 1148 1121 1125 1132 1174 1232
394 435 467 447 486 526 566 609 659 691 694 715 661 609 591 581 607 649 733 794 873 783 700 658 658 679 708 793 846 807 751 729 728 712 709 720 737 781 859 908 824 727 717 722 728 758 785 822 751 762 782 810 833 852 890 1133 1529 1487 1456 1820 1528 1283 1340 1325 1165 1041 1245 1449 1354 1402 1415 1453 1376 1287 1279 1279 1271 1273 1279 1323 1426 1543 1613 1622 1658 1441 1351 1310 1283 1268 1223 1165 1157 1142 1145 1222
421 555 563 456 492 534 585 685 789 689 699 662 629 609 582 568 602 637 681 770 982 805 699 669 679 719 765 851 1045 1190 874 782 763 763 766 770 784 807 889 832 779 751 735 738 750 763 791 795 763 781 804 833 855 878 888 911 975 982 1076 1811 1702 1436 1602 1304 1136 1050 1325 1439 1350 1504 1625 1463 1378 1354 1282 1279 1269 1272 1278 1309 1373 1442 1477 1496 1497 1641 1751 1569 1863 1425 1370 1229 1207 1183 1158 1208
471 526 604 477 502 579 644 1004 787 691 679 642 610 607 573 555 590 611 648 722 779 750 675 667 684 752 804 850 919 1021 906 822 816 833 842 837 839 912 872 839 785 775 785 802 822 833 843 886 771 789 822 848 867 900 927 955 1018 1081 1269 1671 1890 1282 1390 1121 1049 1096 1208 1259 1378 1731 1555 1461 1425 1335 1286 1278 1267 1273 1285 1306 1339 1382 1419 1436 1454 1513 1617 1817 1773 1779 1413 1296 1267 1227 1191 1205
523 513 525 527 525 548 729 983 831 712 672 656 611 604 564 549 573 591 610 656 737 694 639 648 678 751 834 962 1069 1003 885 854 874 914 942 928 897 863 853 816 813 847 891 938 961 953 916 862 817 800 833 852 880 919 955 984 1048 1097 1126 1188 1329 1278 1184 1115 1086 1098 1167 1225 1330 1452 1460 1424 1416 1346 1299 1278 1265 1275 1294 1307 1329 1353 1390 1403 1440 1504 1568 1701 2073 1986 1495 1348 1338 1282 1228 1213
432 446 502 588 571 552 620 750 813 751 667 671 619 599 566 571 555 568 581 601 693 743 602 628 654 708 777 969 1037 894 853 888 991 1049 1089 1489 1219 918 857 832 893 971 1051 1097 1104 1068 1010 931 860 820 829 849 892 942 997 1037 1060 1064 1088 1144 1208 1238 1223 1184 1124 1078 1138 1228 1299 1356 1391 1439 1707 1405 1328 1295 1266 1285 1308 1293 1319 1350 1410 1407 1451 1508 1557 1659 1959 1901 1603 1462 1378 1312 1260 1225
365 404 447 509 585 521 545 580 794 722 656 619 678 675 593 544 542 555 561 570 573 585 600 622 649 711 733 780 822 821 830 899 1117 1603 1555 1284 1044 948 876 873 962 1061 1191 1291 1252 1160 1080 981 889 825 838 865 917 983 1059 1125 1143 1166 1162 1157 1224 1267 1285 1276 1208 1102 1113 1182 1254 1306 1399 1594 1957 1550 1374 1331 1304 1292 1340 1344 1322 1339 1370 1411 1460 1535 1646 1767 1888 2041 1895 1625 1475 1353 1297 1253
344 362 399 435 483 467 488 510 536 679 630 594 638 717 588 539 545 646 577 566 570 583 603 625 647 674 702 734 759 794 846 924 1087 1501 1299 1202 1034 963 891 906 993 1134 1293 1545 1334 1203 1101 1018 898 845 866 910 989 1098 1297 1340 1244 1364 1299 1222 1289 1364 1418 1386 1300 1173 1101 1154 1240 1328 1402 1493 1797 1658 1458 1385 1341 1333 1312 1317 1319 1336 1371 1411 1468 1586 1843 1928 2142 2393 2068 1868 1602 1425 1334 1268
393 386 383 390 430 426 443 463 488 583 590 564 586 660 634 532 537 555 577 579 575 586 602 622 645 669 704 778 820 792 844 919 1045 1226 1401 1090 1007 954 905 932 1024 1150 1382 1668 1358 1200 1089 1000 895 875 916 977 1093 1237 1431 1441 1333 1464 1330 1296 1408 1566 1681 1555 1355 1223 1152 1131 1226 1321 1389 1468 1806 1822 1534 1433 1391 1345 1325 1309 1325 1340 1373 1413 1476 1555 1702 1835 2079 2652 2104 1783 1919 1619 1299 1262
479 430 417 442 440 439 429 433 460 621 582 540 548 552 553 527 561 549 555 565 578 592 605 618 636 654 692 785 748 783 832 894 966 1079 1485 1212 1036 972 923 953 1039 1143 1243 1316 1254 1149 1053 970 885 918 985 1075 1205 1508 1578 1457 1419 1393 1329 1383 1453 1740 1978 1579 1351 1261 1179 1138 1212 1306 1365 1441 1523 1669 1761 1491 1421 1372 1330 1304 1315 1366 1406 1428 1487 1569 1771 2075 2449 2657 2404 2121 2016 1513 1293 1264
418 503 472 515 548 498 482 457 443 541 548 632 578 532 517 520 529 541 556 569 584 598 611 625 641 655 681 710 741 781 828 888 962 1279 1790 1463 1071 997 945 962 1014 1075 1144 1171 1146 1085 1017 940 904 973 1054 1144 1268 1584 1591 1551 1460 1384 1362 1445 1497 1701 1839 1524 1333 1256 1207 1157 1223 1282 1351 1411 1467 1537 1636 1585 1481 1398 1328 1295 1311 1352 1391 1445 1515 1611 1813 2045 2082 2155 2306 1946 1682 1595 1301 1278
364 451 535 500 707 593 540 496 457 464 503 544 690 561 514 517 523 537 560 602 607 622 639 649 745 693 676 701 735 771 816 882 973 1309 1464 1364 1092 1018 964 981 1017 1087 1159 1096 1060 1025 980 922 967 1047 1190 1478 1705 1766 1609 1517 1464 1399 1398 1477 1531 1622 1570 1404 1317 1273 1251 1185 1224 1274 1325 1385 1439 1512 1581 1717 1544 1403 1315 1284 1299 1331 1401 1497 1508 1574 1675 1797 1832 2148 1821 1734 1741 1407 1304 1325
321 352 391 459 700 783 604 529 490 469 476 486 538 562 520 523 524 536 569 661 644 654 670 683 770 736 696 698 721 755 797 870 1079 1376 1313 1154 1082 1013 997 1028 1057 1108 1377 1105 1024 1022 964 954 1050 1222 1788 1898 2244 1738 1611 1562 1504 1446 1425 1495 1589 1477 1512 1378 1323 1292 1254 1206 1213 1381 1366 1382 1436 1475 1513 1517 1464 1377 1295 1268 1283 1302 1396 1667 1607 1583 1707 1836 1748 1956 1673 1683 1465 1334 1314 1362
301 327 363 420 518 661 620 547 509 498 496 535 505 516 526 533 540 551 581 659 743 699 705 721 728 738 742 733 725 745 787 866 1071 1297 1191 1123 1066 1015 1039 1100 1124 1157 1101 1063 1111 1127 995 970 1086 1257 1589 1890 2027 1637 1531 1453 1476 1475 1488 1459 1492 1580 1419 1353 1314 1275 1285 1226 1228 1304 1434 1464 1433 1421 1441 1434 1395 1335 1276 1255 1267 1286 1368 1793 1627 1538 1669 1769 1883 1597 1503 1482 1429 1341 1363 1455
283 305 339 394 483 618 577 542 560 550 533 533 540 545 539 545 555 572 604 658 768 784 761 766 773 793 813 810 768 750 785 845 1065 1243 1143 1097 1053 1051 1056 1197 1214 1186 1120 1148 1160 1186 1047 974 1084 1192 1379 1562 1758 1475 1409 1381 1555 1560 1527 1487 1439 1411 1391 1349 1336 1319 1298 1253 1234 1273 1311 1353 1382 1389 1382 1367 1338 1301 1257 1249 1269 1297 1337 1489 1581 1499 1668 1746 1702 1514 1460 1443 1398 1386 1397 1494
262 281 311 354 414 532 488 517 659 666 572 564 566 577 585 580 579 588 619 666 714 795 900 840 818 849 918 1058 832 769 789 843 1013 1264 1134 1087 1058 1099 1154 1158 1127 1148 1158 1165 1226 1430 1150 1001 1094 1165 1322 1355 1564 1401 1356 1386 1606 1656 1569 1519 1466 1479 1486 1441 1408 1372 1337 1293 1257 1256 1294 1372 1474 1483 1485 1406 1321 1288 1255 1246 1273 1303 1334 1391 1484 1509 1555 1761 1626 1467 1431 1409 1426 1468 1501 1609
244 256 288 347 424 405 460 492 531 592 608 598 600 606 611 613 618 606 626 675 744 815 921 894 856 872 943 952 861 787 802 849 935 1121 1214 1093 1093 1148 1216 1263 1175 1159 1204 1216 1315 1535 1232 1028 1097 1452 1353 1322 1366 1307 1266 1353 1408 1553 1695 1578 1543 1675 1904 1656 1465 1412 1365 1325 1286 1257 1316 1371 1440 1623 1727 1497 1335 1281 1247 1240 1262 1291 1325 1347 1416 1474 1628 1611 1454 1404 1377 1367 1410 1510 1666 1820
220 232 255 322 356 441 449 466 499 547 698 647 643 645 653 681 658 637 630 665 716 838 1116 933 923 910 887 880 838 798 819 856 902 1035 1165 1089 1085 1145 1274 1304 1369 1234 1271 1391 1345 1262 1180 1096 1048 1189 1153 1198 1216 1261 1457 1452 1488 1535 1605 1666 1599 1648 2018 2147 1601 1462 1401 1344 1301 1263 1325 1454 1562 1908 1716 1567 1375 1294 1248 1228 1243 1262 1290 1320 1439 1414 1440 1487 1376 1382 1375 1325 1376 1449 1699 1743
201 225 250 271 314 354 485 479 459 500 600 786 702 692 727 749 703 684 664 660 701 784 863 881 974 956 868 849 826 816 831 859 903 969 1098 1104 1056 1116 1166 1238 1226 1399 1301 1367 1353 1483 1236 1123 1085 1078 1152 1216 1269 1380 1755 1578 1501 1520 1505 1555 1743 1737 1866 1957 1956 1608 1447 1373 1330 1286 1311 1423 1684 1895 1777 1755 1513 1316 1253 1227 1220 1237 1254 1283 1333 1389 1588 1342 1292 1315 1311 1282 1325 1396 1604 1768
191 209 237 263 278 308 404 448 428 461 537 673 710 714 748 749 776 792 709 677 694 733 777 814 908 867 870 882 840 852 865 877 899 945 994 1008 1037 1073 1150 1149 1170 1245 1193 1291 1338 1417 1215 1217 1153 1107 1128 1141 1220 1375 1713 1694 1591 1520 1463 1519 1591 1649 1753 1980 2357 2200 1572 1422 1346 1293 1312 1392 1504 1674 1682 1536 1576 1335 1271 1245 1228 1203 1231 1263 1296 1378 1405 1349 1257 1280 1246 1253 1287 1346 1508 1657
180 198 214 231 247 272 313 351 388 426 487 563 625 666 772 816 794 838 736 681 677 699 732 759 789 831 895 861 876 894 920 954 908 926 947 978 1025 1102 1148 1166 1123 1095 1086 1214 1394 1368 1295 1284 1215 1159 1194 1173 1160 1269 1530 1850 1549 1482 1442 1514 1560 1620 1659 1671 1816 2277 1823 1441 1345 1295 1317 1338 1381 1450 1455 1465 1468 1417 1307 1267 1242 1216 1196 1232 1275 1355 1496 1305 1225 1203 1174 1211 1281 1343 1447 1430
174 180 193 232 262 258 289 321 360 421 459 518 571 618 662 703 777 741 714 672 663 660 686 707 738 798 865 870 904 964 983 914 883 907 939 977 1014 1077 1103 1054 1042 992 1126 1176 1303 1460 1552 1393 1288 1216 1226 1192 1169 1252 1494 1670 1519 1444 1417 1467 1513 1572 1579 1591 1612 1694 1604 1421 1334 1324 1353 1401 1408 1404 1407 1440 1392 1352 1346 1290 1254 1225 1178 1221 1274 1337 1417 1304 1215 1163 1144 1194 1272 1300 1334 1438
191 185 184 219 260 237 263 291 332 406 541 494 538 579 607 632 722 737 723 664 620 629 648 676 704 1012 1023 936 879 907 893 867 859 884 937 979 1053 1082 1082 977 957 998 1117 1119 1229 1351 1373 1494 1463 1269 1293 1268 1193 1198 1323 1614 1686 1450 1408 1522 1714 1598 1509 1519 1525 1565 1451 1384 1327 1399 1447 1588 1549 1496 1469 1438 1388 1414 1450 1333 1283 1242 1186 1203 1271 1396 1417 1353 1217 1139 1106 1191 1213 1334 1336 1347
218 203 183 196 266 223 232 254 292 365 550 572 531 541 567 572 595 711 678 624 587 624 631 650 678 1035 1252 1014 856 823 838 825 839 878 929 980 1034 1099 1114 966 899 968 997 1113 1328 1256 1295 1301 1333 1336 1427 1466 1321 1257 1260 1406 1712 1471 1442 1568 1678 1585 1517 1466 1475 1477 1408 1363 1367 1419 1550 1705 2054 1684 1521 1451 1459 1498 1435 1445 1381 1269 1192 1178 1266 1433 1430 1296 1206 1126 1083 1160 1220 1230 1354 1451
136 197 194 176 177 192 207 228 262 320 423 611 559 498 508 513 545 694 597 584 578 743 677 621 648 903 1059 871 834 810 794 799 830 867 918 978 1032 1106 1133 934 892 990 1071 1170 1180 1168 1378 1302 1234 1281 1372 1487 1510 1384 1229 1301 1439 1473 1398 1631 1668 1565 1502 1492 1438 1403 1379 1360 1386 1432 1488 1559 1645 1610 1545 1508 1469 1476 1467 1443 1558 1440 1212 1142 1229 1422 1647 1317 1170 1089 1057 1128 1118 1266 1472 1567
